((1402, 1594), 34)
((1402, 1604), 52)
((1526, 7518), 25)
((12710, 1387), 23)
((6205, 6206), 28)
((1604, 995), 37)
((13350, 8000), 24)
((6084, 6085), 56)
((12042, 5436), 44)
((6452, 8080), 31)
((4477, 66), 46)
((536, 6452), 23)
((11486, 12204), 22)
((1000, 993), 31)
((4477, 943), 27)
((1233, 1526), 48)
((13350, 8001), 27)
((1594, 7490), 23)
((1450, 1601), 22)
((1000, 1526), 57)
((2327, 6410), 23)
((536, 7051), 22)
((1007, 1387), 63)
((12679, 6700), 22)
((19489, 5422), 25)
((1370, 1450), 25)
((1387, 7457), 23)
((6447, 6448), 22)
((12177, 6084), 24)
((2402, 2513), 42)
((1387, 1611), 46)
((6083, 6085), 27)
((1473, 8000), 67)
((5236, 7212), 22)
((1387, 7173), 21)
((1611, 6805), 27)
((1473, 996), 36)
((7049, 7051), 48)
((1473, 14872), 50)
((1387, 924), 27)
((5422, 8000), 25)
((1210, 536), 34)
((1563, 1605), 21)
((1013, 66), 21)
((1473, 407), 36)
((7057, 8001), 23)
((23360, 23950), 30)
((1473, 21809), 29)
((407, 6959), 23)
((1116, 1226), 22)
((1386, 14960), 24)
((197, 786), 25)
((21949, 995), 35)
((5239, 6969), 29)
((12953, 12966), 30)
((1594, 1605), 53)
((1386, 7499), 21)
((1000, 1525), 30)
((536, 862), 31)
((1402, 1599), 26)
((1313, 1563), 25)
((6452, 9853), 21)
((19431, 5422), 21)
((1605, 6989), 24)
((1000, 944), 31)
((1368, 446), 26)
((1010, 1473), 23)
((12851, 1546), 24)
((1117, 1210), 22)
((1572, 1602), 26)
((5436, 6451), 59)
((370, 8001), 25)
((1312, 1473), 40)
((1116, 1611), 23)
((5238, 6969), 21)
((5238, 7476), 30)
((786, 858), 33)
((1233, 7008), 29)
((6446, 6452), 27)
((1011, 7173), 23)
((1402, 446), 25)
((1313, 18647), 28)
((1233, 737), 24)
((1283, 8000), 40)
((1605, 7050), 33)
((1471, 1526), 56)
((1526, 6452), 52)
((1473, 14871), 42)
((6085, 6410), 27)
((1366, 197), 31)
((1621, 536), 32)
((1313, 8612), 23)
((536, 7510), 21)
((941, 968), 106)
((1574, 786), 22)
((13366, 1473), 36)
((1007, 1450), 21)
((13350, 1473), 32)
((10232, 12110), 27)
((1473, 7006), 24)
((1117, 66), 129)
((1226, 1408), 28)
((1387, 7000), 21)
((609, 995), 23)
((6400, 6402), 29)
((1226, 197), 21)
((1368, 14794), 24)
((7212, 7998), 21)
((197, 7219), 21)
((1473, 7222), 31)
((1605, 924), 25)
((536, 7517), 44)
((1603, 7050), 29)
((12698, 6410), 29)
((7505, 7506), 25)
((1211, 1226), 37)
((1387, 1602), 26)
((6414, 6699), 21)
((1473, 14804), 23)
((6401, 6402), 28)
((1605, 5436), 24)
((1526, 924), 22)
((1283, 1572), 31)
((7166, 9853), 27)
((1604, 4767), 39)
((1402, 301), 22)
((4767, 4768), 50)
((1402, 1621), 34)
((12042, 6446), 22)
((1471, 995), 33)
((1603, 4767), 27)
((1387, 7050), 30)
((1604, 5239), 48)
((5463, 5466), 26)
((4477, 6970), 24)
((1002, 1387), 21)
((7047, 7050), 21)
((1386, 1604), 68)
((5239, 6206), 34)
((13295, 1473), 49)
((14576, 8000), 24)
((1473, 4768), 39)
((197, 307), 26)
((1386, 1572), 39)
((12177, 6085), 26)
((536, 7212), 32)
((1000, 1116), 181)
((1473, 2805), 23)
((1000, 545), 24)
((1007, 1226), 40)
((6803, 6805), 54)
((1368, 307), 21)
((5287, 5436), 43)
((8001, 995), 33)
((446, 7148), 24)
((1526, 1574), 22)
((1013, 1387), 37)
((939, 968), 72)
((12698, 6414), 26)
((6836, 6917), 44)
((6969, 7503), 26)
((6452, 6700), 45)
((1402, 1494), 31)
((1211, 786), 27)
((1000, 786), 30)
((1210, 4477), 24)
((1005, 1473), 22)
((6805, 7490), 24)
((14566, 1508), 25)
((1611, 5238), 28)
((1540, 995), 25)
((1313, 8001), 48)
((1007, 924), 21)
((1004, 1471), 43)
((1366, 1473), 24)
((1387, 7517), 27)
((7212, 943), 30)
((12110, 6452), 26)
((1386, 1473), 110)
((7222, 7476), 24)
((1000, 12710), 22)
((6398, 6399), 34)
((1604, 6206), 25)
((1203, 613), 22)
((1621, 325), 26)
((1473, 862), 43)
((5436, 9853), 32)
((7057, 8000), 22)
((18647, 7200), 31)
((7491, 995), 26)
((1594, 7222), 24)
((6914, 7010), 25)
((1116, 1386), 51)
((1012, 858), 30)
((1233, 786), 25)
((1473, 7000), 22)
((1386, 545), 23)
((1604, 6805), 27)
((1283, 1526), 26)
((6420, 6452), 23)
((1386, 66), 51)
((1387, 1555), 23)
((1473, 5239), 67)
((1604, 7071), 28)
((1000, 943), 56)
((1572, 862), 22)
((1011, 4477), 23)
((1370, 999), 22)
((5436, 6805), 28)
((1402, 7173), 31)
((1117, 1574), 23)
((1211, 1408), 35)
((1526, 536), 92)
((13295, 1602), 24)
((12894, 1402), 28)
((1543, 197), 31)
((1226, 536), 40)
((13552, 197), 33)
((7049, 7503), 22)
((12894, 536), 26)
((1473, 5236), 33)
((2402, 2787), 34)
((858, 996), 25)
((6419, 6452), 27)
((5436, 6802), 23)
((1116, 66), 139)
((7057, 7490), 22)
((1313, 536), 22)
((1370, 1621), 23)
((1013, 1203), 38)
((1004, 1408), 22)
((1386, 1526), 72)
((1614, 536), 23)
((1473, 5467), 24)
((1013, 536), 45)
((1210, 1226), 25)
((1471, 999), 22)
((1611, 6803), 21)
((255, 301), 21)
((1473, 7475), 27)
((5436, 6008), 40)
((19298, 66), 21)
((7505, 7510), 29)
((23172, 23819), 29)
((1594, 1603), 42)
((1473, 7998), 73)
((1210, 1386), 24)
((1465, 1471), 24)
((1402, 7998), 23)
((1473, 8042), 23)
((10297, 1473), 22)
((6481, 6482), 25)
((1387, 968), 24)
((1572, 8000), 32)
((13228, 1402), 23)
((1526, 7491), 23)
((19431, 5239), 22)
((858, 943), 25)
((197, 8001), 54)
((5285, 5286), 28)
((1011, 1211), 30)
((1605, 1621), 22)
((13350, 7212), 24)
((7968, 8000), 23)
((1203, 737), 22)
((197, 8600), 28)
((1000, 1574), 36)
((197, 8000), 30)
((943, 995), 24)
((1011, 1200), 26)
((1011, 1210), 21)
((1473, 1496), 21)
((10296, 10297), 27)
((1563, 197), 42)
((7517, 8101), 21)
((7212, 941), 27)
((1283, 13366), 30)
((2512, 5422), 38)
((10296, 1473), 21)
((6419, 6420), 37)
((7173, 737), 32)
((1473, 1614), 21)
((1473, 1604), 128)
((7476, 8001), 30)
((1402, 6970), 21)
((1473, 1567), 21)
((1012, 924), 22)
((1473, 5238), 41)
((1473, 1611), 83)
((14648, 1473), 49)
((13295, 1471), 28)
((1283, 197), 42)
((1473, 6085), 21)
((6989, 7050), 28)
((1591, 536), 23)
((1387, 7510), 21)
((1473, 924), 46)
((6206, 8001), 25)
((1387, 524), 46)
((427, 6361), 38)
((12588, 6446), 21)
((1604, 7476), 46)
((536, 613), 49)
((13541, 1473), 25)
((1004, 13552), 22)
((536, 7351), 21)
((6084, 6451), 29)
((5645, 7000), 26)
((1203, 739), 50)
((1473, 1574), 58)
((1117, 1408), 28)
((6088, 6452), 28)
((1370, 1473), 53)
((1312, 16524), 21)
((1605, 7048), 26)
((1386, 1602), 32)
((1011, 66), 21)
((427, 430), 43)
((6085, 7502), 39)
((1571, 7464), 23)
((7049, 7050), 86)
((1007, 1280), 24)
((1594, 6206), 22)
((1116, 524), 21)
((12679, 12681), 27)
((5285, 5436), 28)
((1471, 1555), 25)
((536, 684), 21)
((1386, 737), 26)
((1226, 1402), 35)
((1117, 1525), 24)
((1203, 858), 22)
((1312, 1313), 29)
((1233, 13295), 21)
((1387, 4767), 21)
((1007, 1116), 32)
((1347, 14648), 21)
((1594, 7008), 27)
((5238, 536), 22)
((17480, 3639), 24)
((126, 446), 26)
((1402, 5239), 29)
((12681, 6085), 26)
((7473, 7476), 22)
((1473, 18264), 27)
((1604, 6969), 31)
((6228, 7010), 30)
((1471, 7503), 24)
((3974, 6452), 34)
((1604, 7492), 27)
((1313, 1555), 24)
((407, 536), 23)
((1473, 14831), 28)
((1387, 4477), 48)
((1007, 13552), 24)
((1605, 7071), 21)
((1574, 613), 23)
((1000, 1408), 35)
((1002, 821), 23)
((5436, 6700), 49)
((1473, 772), 26)
((1572, 197), 32)
((1572, 6206), 21)
((1007, 1402), 63)
((1117, 1212), 25)
((1605, 6206), 21)
((6690, 6691), 23)
((1473, 3974), 22)
((1602, 410), 23)
((6400, 6407), 23)
((6414, 6452), 29)
((536, 968), 38)
((1211, 197), 25)
((1594, 7071), 23)
((1471, 737), 26)
((14568, 1473), 27)
((1473, 307), 31)
((1233, 1313), 27)
((5436, 5712), 25)
((13541, 197), 34)
((1604, 7008), 29)
((5412, 5413), 34)
((19341, 6917), 30)
((772, 821), 30)
((1313, 197), 77)
((5294, 6451), 34)
((1233, 1473), 124)
((1574, 1594), 35)
((1574, 1604), 36)
((12042, 12681), 24)
((6229, 7010), 33)
((1218, 536), 33)
((21898, 998), 24)
((23904, 23950), 22)
((22567, 446), 28)
((1526, 999), 21)
((12110, 9853), 34)
((5436, 6411), 22)
((1003, 1211), 21)
((1571, 5238), 21)
((6398, 6402), 27)
((13295, 7457), 26)
((1471, 7221), 24)
((430, 536), 28)
((12110, 6410), 22)
((1368, 1601), 21)
((1525, 536), 40)
((2327, 5436), 35)
((1594, 1604), 62)
((613, 66), 35)
((1473, 8381), 35)
((18647, 8000), 33)
((1116, 4477), 45)
((1386, 6989), 21)
((19521, 19996), 25)
((6414, 6415), 52)
((1526, 197), 36)
((7050, 7051), 43)
((1218, 1387), 26)
((1012, 1605), 21)
((1312, 1597), 22)
((1347, 8001), 22)
((5437, 6410), 77)
((1471, 1597), 39)
((14960, 197), 25)
((297, 536), 31)
((1000, 13228), 22)
((536, 737), 34)
((1117, 938), 21)
((12744, 197), 32)
((1200, 1386), 26)
((1602, 858), 22)
((12710, 536), 23)
((5436, 6410), 70)
((2402, 2512), 25)
((446, 6360), 22)
((1473, 1555), 33)
((1591, 18738), 22)
((536, 6360), 30)
((1555, 1604), 22)
((12923, 14504), 26)
((1312, 1546), 23)
((12867, 7518), 22)
((2321, 5436), 29)
((1233, 1602), 27)
((1471, 4767), 23)
((13295, 999), 25)
((1386, 7049), 29)
((1387, 446), 36)
((197, 325), 26)
((1386, 1471), 48)
((1473, 1621), 45)
((2402, 2403), 42)
((21926, 536), 21)
((10296, 10298), 33)
((5239, 5422), 31)
((536, 7499), 34)
((1555, 999), 25)
((1526, 7492), 23)
((14794, 255), 24)
((1526, 995), 29)
((5238, 8000), 27)
((1594, 7503), 35)
((1604, 18647), 21)
((1123, 786), 23)
((5422, 6461), 21)
((536, 7010), 21)
((6338, 7071), 29)
((1605, 7469), 36)
((1402, 410), 38)
((1013, 943), 23)
((12956, 12966), 25)
((1283, 8001), 56)
((1011, 1387), 30)
((1611, 6989), 44)
((1007, 1013), 34)
((12681, 6452), 37)
((1203, 66), 25)
((197, 407), 23)
((13295, 1604), 29)
((1604, 943), 32)
((1313, 6452), 24)
((1387, 1604), 64)
((1233, 14871), 21)
((6836, 6989), 32)
((1116, 1211), 28)
((14872, 1572), 42)
((19334, 7452), 25)
((1594, 5238), 26)
((1605, 7492), 26)
((545, 739), 21)
((5294, 5436), 58)
((1313, 1450), 30)
((1508, 1597), 23)
((1212, 1473), 21)
((613, 944), 95)
((1211, 536), 62)
((1408, 524), 28)
((1313, 1386), 24)
((1525, 1611), 24)
((1117, 6970), 25)
((13295, 7212), 43)
((1605, 995), 40)
((6088, 6446), 22)
((1012, 1402), 25)
((1312, 1368), 34)
((6856, 6857), 24)
((5238, 5422), 23)
((1473, 301), 35)
((138, 1959), 31)
((1605, 7476), 40)
((536, 739), 22)
((1605, 5238), 23)
((14871, 14872), 22)
((1604, 5238), 35)
((4988, 6451), 29)
((1347, 197), 38)
((14960, 5239), 22)
((6477, 7071), 40)
((1386, 1603), 45)
((1450, 255), 27)
((6230, 6915), 21)
((23172, 70626), 26)
((6088, 6451), 26)
((6088, 7502), 33)
((1473, 7469), 52)
((5294, 5435), 29)
((536, 7049), 26)
((5463, 5465), 26)
((1473, 417), 30)
((1000, 1473), 62)
((1002, 1386), 21)
((1387, 1603), 33)
((547, 821), 23)
((1233, 536), 54)
((13295, 1386), 36)
((1402, 524), 35)
((1313, 51259), 39)
((197, 7491), 23)
((1471, 1602), 50)
((5235, 7212), 21)
((1604, 5236), 27)
((6216, 6421), 26)
((1386, 14794), 21)
((1402, 1448), 24)
((16280, 7517), 30)
((1289, 1508), 25)
((1572, 1605), 49)
((1611, 7047), 41)
((1473, 1572), 148)
((1211, 1473), 44)
((524, 943), 21)
((1402, 1546), 32)
((7222, 8001), 22)
((1010, 858), 21)
((19484, 2513), 21)
((1368, 7212), 27)
((1402, 7457), 32)
((1402, 1602), 38)
((6989, 7051), 31)
((1313, 995), 33)
((1313, 7476), 22)
((1386, 7457), 22)
((13295, 1370), 33)
((1313, 307), 23)
((1347, 1471), 21)
((1605, 7008), 34)
((1283, 7212), 30)
((5436, 7502), 68)
((1471, 1601), 25)
((1283, 13353), 23)
((1574, 1605), 40)
((1471, 14794), 35)
((12685, 7043), 46)
((1602, 1605), 34)
((12685, 5287), 24)
((10298, 7476), 24)
((1571, 5239), 26)
((1387, 1605), 61)
((5436, 6448), 21)
((1594, 4767), 21)
((1000, 1013), 44)
((15116, 3639), 28)
((6206, 6461), 22)
((10298, 8000), 35)
((1386, 1563), 25)
((1211, 7173), 32)
((1402, 1450), 29)
((14648, 1471), 41)
((6989, 7048), 36)
((12490, 5436), 27)
((1283, 5239), 31)
((1473, 18724), 23)
((23815, 2824), 27)
((1473, 430), 21)
((1402, 1508), 32)
((7212, 8001), 32)
((1011, 1203), 23)
((1002, 536), 28)
((1000, 613), 51)
((6410, 7166), 21)
((1013, 1117), 30)
((1473, 255), 56)
((1007, 1408), 55)
((7998, 8001), 30)
((1200, 1387), 23)
((1370, 1471), 51)
((1000, 737), 33)
((6699, 7502), 29)
((1563, 255), 21)
((7487, 7518), 28)
((1402, 536), 75)
((6917, 6989), 63)
((1004, 1007), 25)
((1603, 1611), 43)
((5236, 7476), 21)
((6420, 6700), 21)
((1471, 786), 36)
((14960, 995), 33)
((7221, 8001), 25)
((461, 786), 27)
((737, 786), 28)
((1004, 1402), 37)
((1203, 4477), 26)
((1233, 941), 26)
((1471, 1603), 23)
((12679, 5436), 39)
((1402, 786), 49)
((1203, 1387), 26)
((7048, 7050), 52)
((5436, 7043), 30)
((1471, 1614), 26)
((1473, 5294), 23)
((1448, 255), 27)
((1368, 1370), 27)
((1000, 772), 23)
((1471, 1714), 68)
((1218, 862), 24)
((1471, 14841), 22)
((1605, 943), 36)
((1116, 1117), 143)
((2513, 5422), 85)
((1605, 4767), 26)
((1473, 7237), 36)
((1000, 7050), 24)
((14871, 8001), 21)
((1013, 13228), 27)
((536, 7008), 45)
((2402, 7464), 32)
((5239, 7464), 24)
((1602, 524), 24)
((1473, 6836), 40)
((1000, 12894), 21)
((7212, 786), 24)
((12042, 3974), 22)
((1370, 6969), 21)
((1117, 19298), 25)
((1211, 12894), 21)
((3721, 7502), 22)
((1627, 1628), 64)
((1627, 524), 57)
((1605, 6452), 31)
((1542, 2513), 21)
((536, 6970), 33)
((1387, 943), 49)
((6917, 7049), 26)
((536, 821), 38)
((1604, 6917), 27)
((6451, 6700), 33)
((1526, 7503), 28)
((197, 7221), 26)
((12744, 13295), 28)
((6398, 6400), 33)
((1386, 7050), 27)
((6379, 6380), 32)
((1387, 410), 21)
((4477, 7050), 28)
((1004, 13295), 21)
((1007, 943), 25)
((13366, 8612), 22)
((1370, 791), 22)
((13322, 13330), 21)
((943, 944), 67)
((1526, 6701), 22)
((1401, 7173), 21)
((430, 996), 38)
((1553, 1571), 38)
((18696, 8001), 21)
((7469, 7476), 105)
((19484, 5422), 23)
((1473, 6451), 27)
((7071, 7490), 23)
((197, 255), 56)
((1386, 1591), 23)
((1473, 7476), 59)
((1611, 7057), 26)
((1387, 66), 41)
((1511, 197), 34)
((1226, 1473), 26)
((7222, 7460), 23)
((1525, 66), 21)
((236, 301), 31)
((12970, 12971), 23)
((1116, 943), 28)
((1604, 6803), 21)
((5239, 7503), 25)
((1004, 536), 31)
((1203, 1210), 22)
((1313, 9853), 22)
((7474, 7475), 47)
((1386, 7517), 34)
((1574, 964), 36)
((1594, 5236), 21)
((1605, 8000), 33)
((1007, 1011), 29)
((1563, 536), 21)
((1013, 1402), 61)
((1007, 1627), 27)
((1283, 1473), 64)
((1070, 1471), 22)
((18647, 5239), 23)
((1007, 1628), 39)
((1591, 8001), 27)
((1233, 7517), 21)
((12685, 5436), 31)
((1313, 1572), 28)
((6398, 6407), 21)
((1605, 21809), 24)
((1000, 858), 32)
((1117, 1628), 26)
((1004, 1572), 21)
((19459, 301), 26)
((13295, 6360), 22)
((938, 939), 87)
((1313, 1402), 36)
((1117, 941), 24)
((1210, 1408), 25)
((13295, 1368), 36)
((1594, 536), 44)
((1574, 7503), 21)
((938, 944), 78)
((1450, 197), 44)
((1603, 7469), 24)
((12444, 6085), 22)
((1473, 8001), 121)
((6451, 7502), 36)
((1574, 1603), 21)
((1366, 1471), 22)
((1000, 924), 28)
((1540, 21949), 27)
((1473, 325), 36)
((1386, 858), 29)
((6082, 6083), 29)
((23360, 70626), 21)
((12110, 1473), 33)
((1473, 7071), 34)
((1218, 924), 22)
((10298, 1283), 21)
((1605, 1614), 21)
((1611, 7212), 24)
((197, 7212), 41)
((12042, 12698), 27)
((1611, 7518), 29)
((1471, 325), 28)
((1408, 1473), 30)
((417, 7221), 26)
((17248, 19445), 27)
((1200, 1211), 23)
((1614, 197), 22)
((1594, 7517), 32)
((1007, 536), 82)
((1473, 370), 34)
((1572, 7476), 27)
((6699, 6701), 24)
((1605, 536), 80)
((1116, 1526), 32)
((1473, 6338), 26)
((1368, 1597), 31)
((14794, 737), 23)
((1473, 7490), 32)
((1473, 999), 36)
((12873, 7518), 32)
((536, 66), 61)
((1572, 7491), 35)
((1572, 7998), 43)
((1387, 7476), 28)
((1611, 7050), 108)
((1203, 862), 21)
((1233, 862), 24)
((1210, 1473), 28)
((7212, 968), 24)
((1602, 446), 27)
((1007, 1212), 25)
((5422, 6969), 23)
((1000, 1200), 36)
((1603, 197), 26)
((1572, 995), 33)
((1002, 1112), 22)
((1013, 999), 21)
((7504, 7510), 21)
((1117, 536), 87)
((6402, 6403), 22)
((1473, 7464), 24)
((13295, 13541), 23)
((1117, 1402), 34)
((6414, 6700), 32)
((1283, 1602), 25)
((1370, 255), 34)
((7475, 7490), 43)
((1473, 7491), 78)
((5239, 6452), 27)
((1013, 197), 25)
((1603, 1604), 107)
((7464, 7476), 23)
((1210, 1211), 31)
((1402, 999), 31)
((1601, 197), 40)
((938, 943), 79)
((6446, 7502), 29)
((13295, 14648), 24)
((1553, 5422), 23)
((1605, 8001), 57)
((23819, 23904), 22)
((6082, 6085), 27)
((1000, 1011), 40)
((12591, 6446), 21)
((6452, 7469), 21)
((13353, 995), 21)
((6446, 6700), 24)
((1000, 1555), 23)
((4988, 6379), 23)
((5436, 5437), 54)
((1602, 1604), 36)
((938, 941), 92)
((6398, 6401), 29)
((1473, 197), 83)
((1473, 8101), 24)
((5294, 6410), 37)
((4767, 8001), 34)
((1283, 1313), 37)
((6229, 6230), 37)
((1602, 995), 52)
((4976, 4980), 21)
((6399, 6400), 33)
((427, 6360), 21)
((1386, 7173), 21)
((1000, 7518), 30)
((8001, 943), 26)
((13563, 1555), 69)
((6008, 6452), 21)
((5712, 6452), 21)
((16524, 197), 27)
((1473, 943), 54)
((1402, 7212), 32)
((1471, 7212), 25)
((1402, 197), 52)
((1386, 968), 26)
((12110, 5436), 50)
((1611, 6229), 21)
((1473, 6970), 27)
((12698, 6700), 54)
((1567, 1568), 22)
((1283, 1312), 26)
((2327, 3974), 22)
((18647, 8001), 26)
((1012, 1387), 24)
((1572, 5239), 26)
((1007, 1012), 22)
((1611, 7503), 40)
((1000, 1605), 27)
((12851, 255), 31)
((6451, 6699), 35)
((2513, 7057), 23)
((6227, 7010), 27)
((14795, 197), 22)
((1473, 6452), 60)
((1473, 7493), 30)
((1604, 7510), 26)
((6206, 7464), 21)
((2327, 5294), 28)
((1386, 862), 24)
((1368, 1543), 31)
((1211, 1526), 33)
((536, 5463), 21)
((1313, 1526), 30)
((23950, 24870), 21)
((7503, 8101), 28)
((1473, 7503), 68)
((197, 446), 44)
((14566, 197), 23)
((1283, 1604), 31)
((1714, 197), 40)
((1402, 996), 32)
((1473, 6969), 36)
((1572, 4767), 21)
((1590, 536), 23)
((5239, 8001), 42)
((1079, 536), 23)
((1211, 1604), 22)
((1011, 536), 42)
((1011, 1117), 30)
((1605, 197), 42)
((1007, 197), 30)
((13295, 22567), 31)
((6917, 7048), 32)
((5149, 5436), 23)
((1504, 1673), 37)
((6699, 6700), 60)
((1203, 924), 33)
((1473, 297), 25)
((1313, 1347), 26)
((3974, 6700), 22)
((1370, 1605), 30)
((6082, 6084), 28)
((613, 943), 83)
((13588, 15417), 26)
((1572, 943), 26)
((446, 7457), 24)
((13295, 297), 24)
((49, 536), 21)
((1526, 6410), 30)
((1386, 4477), 55)
((4477, 858), 25)
((407, 446), 21)
((536, 7457), 38)
((1386, 7008), 41)
((2787, 7464), 67)
((1313, 999), 22)
((182, 7106), 35)
((1605, 7473), 24)
((1596, 197), 34)
((10298, 1611), 29)
((14871, 1572), 26)
((1386, 410), 23)
((1368, 786), 24)
((5391, 7006), 28)
((1387, 821), 24)
((1386, 1402), 59)
((1200, 1402), 25)
((1007, 417), 27)
((6338, 6477), 34)
((5286, 5287), 25)
((1233, 1594), 26)
((1283, 7968), 31)
((1013, 1212), 23)
((1000, 51), 26)
((1473, 536), 118)
((772, 996), 23)
((1590, 18738), 26)
((613, 939), 91)
((2513, 2787), 35)
((5422, 7212), 27)
((1608, 197), 22)
((1007, 995), 22)
((1526, 1603), 40)
((4767, 536), 21)
((1211, 1602), 29)
((12092, 12177), 22)
((1402, 1473), 114)
((1526, 1604), 58)
((1211, 737), 28)
((1605, 446), 24)
((1605, 996), 27)
((786, 924), 29)
((536, 7000), 27)
((6821, 6971), 27)
((1116, 938), 22)
((10297, 8001), 26)
((1007, 8058), 22)
((18606, 7476), 38)
((14872, 8001), 23)
((1233, 943), 30)
((7503, 995), 21)
((1370, 1602), 34)
((1233, 1604), 47)
((6452, 7043), 22)
((3974, 5436), 49)
((1233, 5239), 22)
((1408, 1471), 21)
((613, 772), 23)
((1572, 1574), 25)
((1007, 1574), 23)
((1526, 6699), 25)
((12494, 1473), 22)
((1471, 524), 29)
((5281, 5436), 33)
((446, 7212), 33)
((1313, 1471), 44)
((1067, 1313), 22)
((6480, 6481), 24)
((1242, 197), 22)
((7491, 7517), 24)
((1012, 943), 25)
((6399, 6401), 27)
((5281, 7502), 21)
((6683, 7469), 32)
((1408, 536), 46)
((1368, 8001), 26)
((2057, 2824), 23)
((1003, 1013), 22)
((1313, 255), 25)
((13295, 1605), 28)
((6805, 7476), 21)
((1526, 4767), 28)
((12110, 7166), 34)
((16247, 19996), 27)
((1611, 7048), 56)
((1368, 1430), 25)
((1211, 1386), 43)
((7464, 8000), 22)
((1210, 197), 23)
((1386, 924), 21)
((1473, 410), 42)
((536, 858), 41)
((1210, 1402), 29)
((1011, 1212), 23)
((1233, 1386), 61)
((5466, 7008), 39)
((1368, 1448), 26)
((12177, 6452), 22)
((1312, 1450), 21)
((1526, 6414), 27)
((1604, 8000), 31)
((1370, 609), 24)
((23934, 70626), 26)
((1402, 8001), 45)
((12494, 5436), 28)
((1211, 1471), 33)
((12258, 6451), 22)
((1273, 197), 21)
((2403, 7464), 44)
((1471, 1496), 25)
((1000, 1009), 23)
((1572, 536), 42)
((524, 996), 24)
((5436, 6380), 21)
((1210, 1471), 22)
((13353, 5239), 25)
((1386, 6361), 27)
((12487, 6452), 21)
((1010, 1402), 30)
((1604, 7493), 25)
((7048, 7049), 62)
((1387, 1574), 33)
((5436, 7166), 32)
((13295, 5239), 25)
((1611, 7010), 27)
((13295, 301), 23)
((1233, 858), 35)
((5436, 6418), 30)
((12867, 12873), 22)
((12177, 3974), 21)
((12177, 6451), 38)
((1604, 6452), 31)
((1007, 1117), 46)
((5236, 5239), 85)
((1604, 7490), 23)
((7504, 7505), 24)
((1070, 197), 21)
((1473, 1591), 39)
((1117, 613), 46)
((1188, 13295), 25)
((4767, 7476), 22)
((1402, 1572), 40)
((1283, 1605), 26)
((4477, 7049), 31)
((3974, 6699), 23)
((1471, 1546), 24)
((1537, 8001), 28)
((1000, 7503), 30)
((1000, 1611), 32)
((1070, 1473), 21)
((1523, 1526), 22)
((6418, 6420), 22)
((6969, 8000), 22)
((1603, 536), 36)
((12972, 536), 22)
((1386, 1555), 24)
((1448, 197), 39)
((1471, 1572), 27)
((12851, 8001), 26)
((1572, 1592), 26)
((1117, 943), 37)
((6700, 6701), 37)
((1368, 410), 25)
((786, 821), 30)
((1012, 1473), 37)
((5436, 6414), 22)
((1002, 1117), 23)
((1000, 1123), 26)
((536, 7341), 21)
((5436, 6082), 27)
((5437, 6085), 22)
((1387, 7008), 36)
((1233, 1605), 44)
((1473, 14844), 22)
((5463, 5467), 25)
((5436, 6807), 23)
((11658, 5436), 21)
((1000, 1604), 30)
((1283, 1594), 25)
((1473, 1590), 35)
((1471, 446), 35)
((1567, 1574), 24)
((1283, 1368), 21)
((1602, 1611), 28)
((1387, 609), 21)
((1370, 446), 38)
((1272, 1368), 25)
((5436, 6419), 25)
((524, 536), 64)
((23738, 5235), 22)
((1386, 1605), 74)
((1402, 14648), 22)
((6415, 6452), 24)
((5235, 5236), 56)
((1613, 1614), 57)
((1012, 536), 39)
((1786, 5235), 36)
((4477, 7008), 27)
((1590, 1603), 27)
((1007, 1526), 31)
((1473, 6805), 30)
((1386, 7221), 21)
((1402, 821), 30)
((5236, 5238), 87)
((1594, 8000), 31)
((12042, 6452), 29)
((1594, 8001), 26)
((6378, 6380), 21)
((1233, 7476), 21)
((1117, 1473), 33)
((1402, 80), 31)
((1605, 325), 25)
((1000, 1387), 71)
((1574, 1602), 26)
((461, 858), 25)
((858, 862), 40)
((1471, 1611), 22)
((13350, 7968), 22)
((325, 536), 33)
((1386, 1628), 30)
((1386, 524), 45)
((430, 6361), 50)
((1604, 5436), 24)
((1211, 1387), 46)
((1117, 739), 23)
((1387, 5463), 21)
((15417, 5436), 22)
((1370, 684), 30)
((13366, 1605), 21)
((1402, 1471), 74)
((6451, 6452), 73)
((1572, 941), 21)
((1313, 1574), 23)
((13563, 13567), 36)
((2513, 7464), 33)
((1473, 19996), 22)
((12851, 197), 46)
((6744, 7475), 36)
((536, 6206), 21)
((1387, 996), 30)
((5239, 7212), 34)
((1553, 2787), 22)
((1604, 8001), 46)
((1233, 4767), 22)
((1188, 197), 21)
((1233, 1387), 44)
((1234, 8001), 24)
((1572, 6452), 22)
((1218, 1226), 23)
((944, 968), 67)
((1574, 858), 21)
((1604, 325), 24)
((536, 7173), 28)
((1473, 1513), 21)
((1602, 5239), 30)
((2787, 7057), 44)
((1555, 1605), 23)
((1117, 1604), 23)
((1283, 1471), 28)
((197, 7998), 27)
((197, 410), 26)
((332, 446), 26)
((1571, 5422), 25)
((1471, 1494), 23)
((6446, 6699), 31)
((1011, 1226), 26)
((7050, 7476), 21)
((5294, 7502), 27)
((1386, 1387), 300)
((1604, 7048), 26)
((943, 968), 117)
((1603, 7476), 33)
((1366, 1368), 22)
((1386, 4767), 25)
((4986, 4988), 28)
((1233, 7998), 35)
((6229, 6914), 37)
((10297, 10298), 22)
((1013, 1233), 22)
((1473, 14795), 27)
((536, 8101), 27)
((1473, 941), 34)
((1611, 7510), 31)
((15116, 7785), 22)
((13552, 1471), 28)
((1402, 995), 50)
((1473, 1714), 33)
((446, 996), 21)
((1079, 1473), 29)
((1402, 613), 30)
((1594, 197), 28)
((1233, 1283), 26)
((182, 7105), 24)
((1471, 7173), 32)
((1524, 1525), 54)
((6801, 6803), 25)
((1347, 7212), 21)
((2512, 2787), 24)
((12042, 7502), 28)
((1471, 297), 24)
((1471, 307), 32)
((1312, 13552), 21)
((1473, 1594), 83)
((5465, 5466), 29)
((1546, 1601), 22)
((5979, 6461), 22)
((6914, 6915), 25)
((6836, 7048), 21)
((12873, 7487), 21)
((6836, 7047), 31)
((7043, 7502), 22)
((536, 924), 39)
((1402, 772), 22)
((7490, 7503), 23)
((5148, 5149), 23)
((1271, 13350), 25)
((1473, 968), 33)
((1387, 1572), 36)
((1473, 1539), 21)
((1233, 14872), 25)
((1574, 924), 21)
((1430, 197), 29)
((1473, 995), 76)
((13295, 1555), 21)
((1572, 7968), 24)
((1233, 821), 26)
((1473, 1525), 37)
((12851, 13295), 41)
((1604, 197), 27)
((1572, 8001), 51)
((1604, 7222), 27)
((1000, 7220), 21)
((1604, 7998), 36)
((461, 862), 28)
((1473, 18696), 25)
((1473, 1563), 36)
((13541, 255), 24)
((8000, 995), 24)
((1387, 536), 319)
((1571, 995), 23)
((1602, 1614), 23)
((1473, 8126), 24)
((1313, 8000), 34)
((5436, 6412), 22)
((6744, 7490), 25)
((23819, 23950), 26)
((1473, 7212), 72)
((197, 5239), 28)
((6421, 6969), 36)
((1786, 5236), 34)
((1000, 7476), 22)
((1590, 1604), 33)
((1368, 1605), 22)
((1117, 1386), 71)
((1007, 1473), 53)
((7071, 7503), 21)
((138, 446), 26)
((5436, 6083), 26)
((1590, 1594), 75)
((13295, 1387), 23)
((1283, 1611), 21)
((1116, 536), 61)
((12710, 1525), 99)
((19430, 19484), 24)
((1602, 7503), 22)
((1386, 5463), 21)
((1116, 1402), 21)
((1218, 1386), 26)
((12710, 1526), 103)
((7008, 943), 27)
((6361, 996), 34)
((5239, 7057), 35)
((446, 536), 54)
((1007, 12894), 22)
((1471, 1605), 53)
((1402, 7491), 26)
((1473, 18294), 21)
((1526, 5436), 36)
((10297, 8000), 22)
((1508, 1511), 27)
((1604, 7503), 103)
((1386, 995), 52)
((12678, 12679), 27)
((1473, 6917), 36)
((1526, 1602), 34)
((1473, 446), 51)
((5422, 7057), 29)
((1386, 7476), 28)
((1473, 14850), 22)
((1210, 1526), 22)
((1117, 1526), 38)
((6227, 6230), 30)
((1526, 407), 23)
((1473, 14794), 33)
((1370, 1604), 30)
((7460, 7490), 21)
((1211, 924), 26)
((1011, 943), 25)
((1471, 996), 26)
((1387, 6452), 22)
((1242, 1471), 26)
((7047, 7051), 37)
((1313, 7968), 25)
((1233, 613), 23)
((7466, 7467), 24)
((1386, 7510), 21)
((1594, 995), 28)
((6917, 7051), 35)
((1572, 7212), 23)
((255, 8001), 29)
((1574, 4477), 25)
((6744, 7474), 25)
((7048, 7051), 56)
((8000, 8001), 67)
((1368, 1546), 49)
((1450, 1473), 31)
((1508, 1546), 23)
((1574, 7008), 25)
((1283, 1366), 22)
((255, 307), 22)
((1594, 7476), 30)
((1402, 255), 22)
((3974, 6008), 28)
((1473, 80), 61)
((536, 8042), 22)
((5236, 8000), 30)
((1604, 7049), 32)
((1471, 1604), 44)
((1471, 2127), 26)
((5466, 5467), 40)
((536, 944), 24)
((1473, 613), 31)
((1233, 7491), 32)
((1312, 1563), 21)
((1347, 1473), 41)
((1574, 7457), 28)
((14960, 8000), 22)
((1004, 8001), 21)
((1233, 995), 32)
((1471, 5239), 21)
((786, 8001), 24)
((1007, 1602), 27)
((1203, 1226), 21)
((6008, 7502), 28)
((7473, 8101), 38)
((1611, 943), 30)
((5436, 6085), 67)
((1386, 939), 23)
((197, 536), 48)
((1368, 1402), 49)
((1386, 7000), 24)
((7460, 7473), 54)
((13366, 8001), 45)
((10298, 536), 21)
((536, 995), 42)
((3639, 3640), 28)
((1011, 1386), 26)
((5437, 6451), 23)
((126, 12962), 64)
((1524, 1526), 57)
((255, 80), 21)
((1117, 1226), 31)
((18606, 7469), 37)
((1402, 943), 21)
((1572, 446), 24)
((5017, 5436), 25)
((1218, 1402), 29)
((1526, 4477), 36)
((1473, 7057), 29)
((12177, 5017), 22)
((1594, 18738), 24)
((1387, 8001), 31)
((1473, 18288), 22)
((13295, 995), 33)
((1594, 7998), 23)
((7491, 8000), 26)
((12858, 17807), 22)
((1594, 7491), 22)
((1611, 7464), 21)
((1226, 4477), 27)
((1011, 1402), 31)
((7047, 7048), 35)
((6481, 6915), 22)
((13353, 8000), 21)
((1313, 1597), 33)
((536, 7476), 29)
((410, 536), 26)
((325, 545), 26)
((446, 995), 40)
((5287, 7502), 25)
((3639, 3652), 21)
((1473, 939), 22)
((3974, 7502), 36)
((1004, 1070), 21)
((7200, 8000), 21)
((1116, 941), 24)
((1526, 858), 32)
((1539, 197), 21)
((1007, 999), 21)
((1605, 7998), 31)
((1473, 7051), 33)
((1386, 938), 27)
((1526, 7051), 21)
((1591, 1594), 88)
((1203, 821), 23)
((6683, 7476), 28)
((1605, 999), 22)
((3974, 4988), 29)
((1604, 7491), 39)
((1525, 6452), 34)
((3974, 6414), 21)
((5436, 6084), 47)
((417, 536), 29)
((1473, 7208), 23)
((1007, 786), 32)
((1386, 7998), 25)
((1473, 7972), 23)
((2513, 5239), 31)
((1010, 536), 27)
((12851, 1368), 38)
((786, 943), 31)
((1000, 8450), 29)
((1002, 1012), 31)
((13366, 197), 30)
((1007, 7503), 24)
((1402, 1526), 27)
((1408, 197), 23)
((1473, 5437), 30)
((1226, 1386), 25)
((1605, 5239), 44)
((1368, 1494), 22)
((12851, 1473), 27)
((786, 939), 22)
((1471, 1608), 22)
((1473, 7499), 27)
((1368, 924), 21)
((1086, 1471), 24)
((461, 536), 26)
((941, 944), 75)
((1504, 5239), 23)
((1605, 821), 22)
((1473, 1526), 105)
((5239, 7517), 23)
((10298, 8001), 36)
((536, 7071), 21)
((1000, 1602), 26)
((1000, 524), 33)
((1000, 739), 36)
((13295, 1347), 30)
((1526, 7049), 26)
((1387, 197), 28)
((1604, 7212), 36)
((23934, 24837), 21)
((13353, 1473), 26)
((1594, 5239), 32)
((1000, 968), 32)
((5294, 5437), 29)
((1591, 1603), 31)
((1526, 7050), 24)
((18288, 7517), 29)
((12681, 3974), 24)
((1313, 1368), 35)
((1386, 943), 43)
((12679, 3974), 21)
((1386, 1611), 51)
((1473, 6989), 38)
((5435, 6452), 25)
((939, 941), 89)
((13295, 821), 23)
((1211, 66), 24)
((1007, 15473), 22)
((13552, 1402), 24)
((12744, 12851), 21)
((1471, 407), 33)
((6836, 7051), 33)
((1473, 5436), 60)
((5435, 5436), 56)
((1211, 4477), 31)
((536, 7998), 29)
((1473, 1571), 27)
((197, 7173), 25)
((301, 536), 24)
((6399, 6402), 23)
((7476, 7503), 23)
((1233, 6452), 23)
((1611, 6836), 27)
((1203, 1386), 27)
((12940, 1471), 24)
((23172, 23934), 28)
((1605, 7049), 28)
((6227, 6914), 33)
((1473, 6461), 25)
((1233, 1402), 44)
((2402, 5422), 44)
((1471, 1621), 28)
((3639, 7785), 32)
((1471, 410), 33)
((1526, 862), 23)
((1002, 786), 26)
((5436, 6420), 28)
((1471, 7236), 23)
((12525, 1473), 31)
((1386, 5239), 33)
((536, 999), 34)
((12591, 7502), 25)
((1473, 7221), 45)
((6400, 6401), 32)
((1211, 1402), 38)
((1211, 858), 21)
((446, 5239), 23)
((1473, 150), 30)
((5286, 5436), 26)
((7474, 7490), 31)
((1312, 1508), 22)
((6989, 7049), 38)
((197, 858), 24)
((1402, 1408), 48)
((1386, 772), 21)
((1572, 1594), 24)
((1233, 1574), 22)
((1116, 1628), 25)
((13353, 8001), 27)
((1525, 1526), 189)
((14850, 7220), 22)
((1621, 301), 32)
((1000, 1203), 45)
((1574, 536), 60)
((12042, 6451), 24)
((1387, 1627), 26)
((6418, 6419), 24)
((23950, 70626), 30)
((1605, 6805), 21)
((80, 8001), 22)
((1526, 1611), 44)
((1000, 4477), 72)
((1200, 536), 30)
((1494, 410), 21)
((1313, 13350), 27)
((1117, 1203), 33)
((1402, 1591), 22)
((1000, 536), 110)
((1786, 5239), 37)
((1611, 7475), 25)
((7469, 8001), 27)
((1471, 7198), 23)
((6227, 6228), 34)
((4988, 7502), 21)
((2403, 5422), 41)
((1386, 1574), 46)
((1604, 21809), 34)
((1473, 6700), 22)
((1473, 4767), 61)
((1117, 7341), 23)
((1402, 737), 39)
((7047, 7049), 28)
((6227, 6229), 29)
((1602, 8000), 22)
((1568, 964), 27)
((1471, 370), 37)
((1473, 6744), 21)
((1473, 786), 54)
((1525, 1604), 33)
((1526, 7212), 25)
((1368, 14648), 29)
((1473, 7955), 21)
((1526, 7469), 22)
((6410, 7502), 28)
((1450, 1471), 54)
((1611, 7008), 31)
((5235, 5239), 53)
((12894, 1471), 26)
((6802, 6803), 48)
((1116, 613), 35)
((5465, 7008), 37)
((1408, 7173), 29)
((1002, 1402), 28)
((1473, 7161), 21)
((5436, 6699), 34)
((10297, 1283), 27)
((1602, 536), 45)
((1504, 2513), 24)
((1004, 410), 21)
((1605, 7491), 23)
((1473, 9853), 23)
((1588, 536), 27)
((14648, 197), 28)
((23819, 70626), 35)
((13567, 1555), 40)
((1611, 5236), 23)
((1611, 4477), 43)
((1013, 1473), 30)
((1200, 1226), 25)
((19484, 5239), 21)
((6410, 6451), 29)
((1616, 536), 21)
((536, 772), 39)
((26421, 7499), 26)
((13982, 578), 24)
((1210, 737), 28)
((536, 6361), 30)
((1313, 1366), 29)
((4477, 536), 81)
((19519, 37351), 21)
((1571, 6969), 24)
((536, 996), 52)
((1408, 1494), 23)
((1013, 786), 33)
((1402, 4477), 38)
((536, 7492), 25)
((536, 8000), 22)
((1391, 1471), 23)
((6228, 6229), 39)
((307, 8001), 22)
((13295, 1402), 33)
((12744, 446), 25)
((1226, 1387), 28)
((1471, 417), 29)
((1611, 7469), 28)
((1012, 1123), 25)
((1313, 446), 28)
((1604, 786), 30)
((1611, 7517), 32)
((1402, 609), 27)
((613, 941), 79)
((1370, 995), 29)
((1233, 8001), 41)
((12851, 1312), 21)
((1471, 536), 67)
((1313, 1605), 39)
((12851, 446), 29)
((7510, 7518), 26)
((1604, 6802), 22)
((1000, 862), 25)
((13330, 7341), 30)
((7200, 8001), 23)
((7491, 7998), 21)
((1605, 7212), 31)
((1123, 1402), 21)
((2403, 2513), 41)
((1526, 1594), 23)
((1387, 1526), 63)
((1368, 1450), 38)
((1627, 536), 26)
((2512, 7464), 26)
((1591, 1604), 35)
((6415, 6700), 25)
((1012, 1112), 21)
((257, 51), 22)
((1604, 4768), 22)
((66, 943), 29)
((1402, 8058), 23)
((1000, 7457), 21)
((1473, 5422), 29)
((2403, 2787), 51)
((1000, 7008), 35)
((6085, 6088), 30)
((1233, 1611), 38)
((1473, 7049), 37)
((4988, 6452), 24)
((6802, 6805), 48)
((197, 8801), 32)
((13552, 1473), 22)
((1013, 737), 72)
((1000, 941), 33)
((8001, 858), 21)
((1211, 1313), 22)
((13295, 536), 37)
((1387, 1594), 41)
((1000, 1207), 22)
((1368, 1473), 44)
((1473, 7166), 27)
((1603, 8001), 41)
((1494, 536), 24)
((613, 786), 35)
((1555, 536), 32)
((1012, 862), 21)
((1004, 1368), 29)
((5236, 5422), 22)
((1283, 1402), 30)
((1007, 1368), 28)
((536, 7221), 22)
((1000, 1218), 29)
((786, 941), 24)
((1387, 1628), 35)
((1313, 13295), 24)
((1602, 370), 23)
((1312, 8001), 23)
((1347, 1605), 22)
((1473, 14841), 22)
((737, 924), 28)
((23360, 23934), 24)
((6360, 6361), 46)
((1628, 524), 85)
((1218, 1473), 35)
((7050, 7503), 21)
((4477, 7457), 25)
((1504, 5422), 23)
((1473, 427), 22)
((461, 821), 35)
((1387, 941), 26)
((1347, 7221), 31)
((1473, 1494), 27)
((1602, 598), 22)
((1233, 197), 33)
((1387, 7503), 44)
((1402, 7503), 26)
((19503, 5422), 21)
((1473, 737), 38)
((1473, 2787), 24)
((2787, 5239), 21)
((1203, 536), 39)
((1117, 7050), 21)
((5238, 7469), 22)
((14917, 2824), 29)
((1602, 8001), 27)
((1591, 1605), 31)
((1203, 943), 21)
((6402, 6407), 23)
((19341, 6989), 25)
((1473, 443), 25)
((1000, 939), 29)
((12685, 7502), 25)
((6730, 7492), 22)
((197, 7205), 24)
((7476, 8000), 35)
((6228, 6914), 31)
((1604, 968), 21)
((13541, 1471), 24)
((1013, 1116), 21)
((1402, 1574), 42)
((1473, 7492), 43)
((1402, 671), 21)
((1011, 1526), 21)
((1386, 821), 24)
((1007, 1070), 21)
((6084, 7502), 34)
((1000, 197), 30)
((1473, 6361), 22)
((13353, 14960), 21)
((1007, 4477), 35)
((1605, 7047), 22)
((1602, 197), 45)
((1572, 1611), 27)
((1473, 23815), 22)
((5437, 6452), 35)
((1473, 7510), 35)
((1386, 430), 24)
((1473, 7457), 40)
((1211, 1212), 24)
((1546, 197), 54)
((5413, 6970), 33)
((1007, 14648), 23)
((1574, 995), 24)
((1450, 1597), 23)
((7476, 7517), 29)
((1283, 7469), 22)
((1211, 1628), 22)
((1211, 524), 26)
((1007, 858), 23)
((1320, 255), 21)
((1572, 7503), 21)
((5294, 6084), 21)
((1402, 1590), 21)
((821, 924), 28)
((1386, 8000), 24)
((1226, 737), 26)
((1211, 1218), 26)
((1386, 427), 21)
((1312, 197), 62)
((5436, 8080), 30)
((1473, 7048), 39)
((1283, 995), 27)
((536, 545), 28)
((1473, 1543), 26)
((1013, 858), 34)
((2327, 6451), 24)
((5435, 6410), 27)
((1283, 7476), 21)
((1002, 1007), 23)
((1602, 943), 22)
((12444, 6451), 22)
((1473, 6360), 22)
((1000, 996), 22)
((941, 943), 101)
((1402, 1597), 23)
((1603, 5239), 26)
((13295, 8001), 29)
((1574, 772), 23)
((12042, 6410), 23)
((1604, 4477), 36)
((939, 944), 84)
((1313, 7212), 39)
((1604, 536), 75)
((1525, 1605), 29)
((1537, 1572), 21)
((1011, 7220), 23)
((1000, 1386), 75)
((1604, 1614), 26)
((5239, 7071), 24)
((1313, 7221), 24)
((6228, 6915), 22)
((7057, 7464), 58)
((1602, 7212), 21)
((1471, 1563), 64)
((1786, 5238), 29)
((1605, 613), 23)
((1233, 1471), 29)
((1604, 6989), 30)
((1117, 858), 22)
((1211, 943), 25)
((5017, 7502), 23)
((1007, 613), 26)
((1604, 7051), 22)
((1000, 7341), 28)
((1473, 7050), 35)
((1526, 524), 23)
((1116, 1473), 26)
((1218, 786), 26)
((1526, 968), 21)
((6085, 6452), 42)
((613, 968), 72)
((938, 968), 83)
((1473, 6410), 48)
((197, 4767), 21)
((1313, 14677), 23)
((1313, 1601), 25)
((13295, 1572), 26)
((197, 301), 30)
((5436, 6088), 42)
((11078, 5436), 21)
((1526, 1572), 36)
((1013, 862), 29)
((1604, 7057), 24)
((5235, 5422), 25)
((6228, 6230), 33)
((1525, 6700), 22)
((1211, 995), 26)
((1004, 7173), 27)
((6801, 6805), 21)
((1200, 1473), 26)
((1611, 5436), 28)
((1554, 1571), 41)
((1013, 1386), 32)
((1007, 7173), 35)
((1473, 858), 55)
((1563, 1714), 62)
((1473, 7005), 24)
((8001, 8612), 36)
((5436, 6446), 49)
((12492, 5436), 27)
((1117, 7503), 23)
((12258, 5436), 28)
((1526, 6700), 38)
((1526, 7517), 24)
((13295, 996), 25)
((6008, 6451), 29)
((1368, 197), 81)
((7467, 7476), 27)
((536, 8058), 24)
((1013, 7351), 21)
((1386, 7491), 26)
((536, 7469), 21)
((4988, 5436), 33)
((1233, 8000), 28)
((1117, 19905), 23)
((613, 7212), 33)
((4477, 6452), 22)
((1387, 995), 34)
((1000, 1117), 161)
((7057, 7476), 28)
((1471, 255), 56)
((1473, 7968), 25)
((1210, 786), 29)
((12110, 2327), 32)
((1004, 1313), 25)
((536, 7503), 59)
((1543, 255), 22)
((1430, 1473), 24)
((7457, 876), 24)
((1473, 7047), 40)
((5239, 536), 36)
((6395, 6396), 24)
((12590, 12591), 21)
((1013, 1200), 21)
((1013, 1218), 26)
((1603, 7047), 21)
((6230, 7010), 47)
((1233, 1572), 57)
((1526, 1555), 27)
((7049, 7476), 21)
((1597, 197), 31)
((1604, 7457), 24)
((1386, 8001), 29)
((1117, 968), 21)
((1000, 1212), 31)
((13295, 7197), 21)
((1233, 7212), 24)
((1471, 924), 22)
((1448, 1471), 21)
((1526, 1605), 56)
((2512, 2513), 59)
((1611, 7490), 30)
((1011, 197), 22)
((1370, 1614), 25)
((1002, 1473), 21)
((1313, 1473), 95)
((14872, 1605), 24)
((6700, 7502), 27)
((536, 8126), 23)
((1473, 1537), 34)
((12177, 7502), 31)
((1004, 197), 44)
((6410, 6700), 21)
((1067, 1473), 35)
((6801, 6802), 41)
((12177, 4988), 22)
((1574, 943), 27)
((12851, 1370), 32)
((1603, 995), 23)
((1368, 1508), 49)
((1011, 1473), 30)
((1574, 996), 21)
((1594, 4477), 23)
((1605, 7517), 33)
((1368, 1471), 44)
((1604, 7473), 36)
((1370, 3639), 25)
((1386, 1408), 27)
((5294, 6085), 25)
((1402, 14794), 29)
((1402, 14804), 24)
((1402, 1601), 21)
((1387, 737), 25)
((5239, 7476), 47)
((1408, 1602), 21)
((12572, 5436), 22)
((1011, 786), 24)
((1370, 536), 28)
((430, 6360), 35)
((1603, 8000), 22)
((1117, 4477), 83)
((1386, 999), 23)
((1000, 7173), 32)
((126, 17327), 23)
((14872, 1604), 29)
((3602, 3603), 25)
((1604, 7518), 21)
((821, 858), 32)
((1004, 1602), 31)
((197, 995), 49)
((14917, 23815), 33)
((6452, 6805), 30)
((1402, 8000), 23)
((1594, 7212), 22)
((446, 999), 21)
((12487, 7502), 22)
((1471, 1508), 28)
((7212, 858), 21)
((1508, 255), 29)
((1605, 858), 28)
((1386, 1525), 40)
((3721, 6446), 25)
((1574, 5239), 22)
((7476, 7490), 31)
((1605, 4477), 39)
((2787, 5422), 44)
((1611, 7051), 47)
((1117, 7008), 22)
((1000, 19298), 32)
((6452, 6616), 21)
((197, 7476), 22)
((536, 941), 39)
((1603, 7212), 26)
((6216, 6969), 22)
((1116, 1387), 42)
((7506, 7510), 40)
((786, 839), 22)
((1471, 1473), 97)
((5238, 8001), 23)
((1387, 1525), 34)
((1004, 524), 21)
((6085, 6446), 22)
((1283, 13350), 24)
((1313, 1714), 24)
((536, 938), 29)
((1604, 7469), 33)
((1004, 1386), 29)
((1368, 995), 22)
((1590, 1591), 78)
((5235, 5238), 43)
((12698, 6452), 44)
((1387, 999), 23)
((10298, 1473), 42)
((1210, 7173), 26)
((12851, 1471), 28)
((1226, 924), 22)
((1473, 7460), 37)
((1313, 1594), 24)
((1313, 1604), 29)
((2403, 2512), 27)
((1402, 1603), 36)
((536, 7491), 33)
((1011, 1013), 31)
((1473, 1597), 45)
((6008, 6085), 27)
((1391, 1473), 22)
((19503, 5239), 22)
((6206, 7476), 21)
((7467, 7469), 32)
((12110, 1678), 30)
((862, 924), 29)
((1473, 8612), 29)
((1000, 1012), 34)
((1386, 197), 34)
((1000, 1572), 25)
((1387, 6989), 21)
((5422, 8001), 21)
((12679, 6452), 28)
((1542, 19503), 22)
((1203, 786), 29)
((1004, 1450), 23)
((1408, 4477), 27)
((1386, 7212), 27)
((1471, 1513), 37)
((1000, 1002), 30)
((1611, 8001), 34)
((1004, 1473), 46)
((1188, 1370), 25)
((12042, 6700), 27)
((1386, 7503), 42)
((23934, 23950), 31)
((1386, 996), 35)
((12681, 7502), 30)
((6452, 7476), 27)
((7473, 8001), 21)
((5422, 7464), 43)
((1370, 370), 28)
((772, 786), 23)
((1473, 1592), 52)
((1473, 1602), 55)
((1471, 8001), 43)
((6867, 6868), 28)
((1473, 1603), 86)
((1007, 1210), 38)
((1597, 307), 21)
((6857, 6974), 30)
((536, 943), 66)
((1370, 8001), 32)
((6452, 8001), 21)
((1117, 1211), 40)
((5467, 7008), 54)
((1572, 1603), 35)
((1473, 6477), 27)
((1004, 995), 25)
((6379, 6700), 26)
((12487, 5436), 28)
((6410, 6420), 21)
((1368, 999), 23)
((1526, 66), 32)
((1211, 1233), 25)
((1117, 524), 31)
((1572, 1604), 48)
((1572, 858), 27)
((1010, 1226), 22)
((12490, 12588), 27)
((1313, 5239), 28)
((10232, 9853), 27)
((1387, 1408), 27)
((1313, 1602), 23)
((1002, 858), 25)
((1546, 255), 22)
((1611, 5239), 37)
((197, 80), 21)
((5238, 7057), 27)
((1067, 197), 24)
((12698, 6451), 22)
((5239, 7469), 34)
((5436, 6718), 23)
((51, 536), 26)
((1313, 13366), 28)
((1386, 1590), 25)
((1591, 7008), 23)
((1002, 4477), 23)
((1604, 858), 24)
((7473, 7490), 21)
((1471, 7491), 22)
((1508, 197), 50)
((1611, 995), 41)
((1473, 7010), 29)
((410, 786), 23)
((1471, 301), 33)
((12444, 5436), 26)
((1402, 7517), 22)
((10298, 1604), 26)
((197, 999), 33)
((1553, 2513), 21)
((821, 862), 37)
((13295, 8000), 27)
((1000, 1471), 31)
((1568, 1574), 29)
((13366, 8000), 39)
((1450, 1508), 25)
((1386, 786), 38)
((995, 999), 24)
((13295, 7148), 24)
((1000, 938), 33)
((12681, 6700), 27)
((1402, 862), 29)
((1430, 1471), 24)
((1526, 7473), 23)
((1603, 4477), 24)
((1212, 4477), 22)
((1473, 524), 30)
((1402, 7000), 23)
((1402, 858), 44)
((1386, 536), 283)
((1402, 7008), 34)
((1605, 7051), 28)
((1553, 1554), 38)
((12681, 5287), 24)
((1211, 1574), 28)
((10232, 5436), 26)
((7491, 8001), 36)
((297, 446), 32)
((1012, 786), 30)
((446, 8000), 24)
((13228, 536), 33)
((1471, 197), 85)
((939, 943), 78)
((1117, 939), 22)
((1473, 4477), 53)
((1000, 1211), 70)
((12851, 1366), 22)
((2327, 7166), 21)
((1370, 197), 48)
((1011, 1116), 21)
((6008, 6084), 27)
((12177, 6446), 30)
((1007, 1605), 26)
((1473, 1546), 32)
((14648, 255), 26)
((5235, 8000), 22)
((1313, 1603), 31)
((1605, 7221), 28)
((1007, 410), 32)
((858, 924), 22)
((1313, 4768), 22)
((1370, 7212), 21)
((1231, 1471), 21)
((1611, 7491), 21)
((1387, 1473), 85)
((1000, 6970), 28)
((1312, 1471), 39)
((6915, 7010), 21)
((1526, 1621), 26)
((13541, 1370), 24)
((1283, 14671), 23)
((1000, 1210), 43)
((1000, 995), 23)
((1611, 6969), 31)
((1013, 7173), 29)
((1473, 14960), 46)
((1473, 5456), 26)
((5239, 995), 39)
((1368, 943), 21)
((1471, 15448), 25)
((1574, 8001), 22)
((2513, 5236), 22)
((1368, 255), 43)
((13366, 1572), 22)
((1611, 6917), 34)
((1370, 1386), 27)
((536, 998), 21)
((1604, 6836), 25)
((1678, 7166), 31)
((6482, 6915), 30)
((7503, 7517), 29)
((1000, 1226), 42)
((1473, 1508), 29)
((1597, 255), 29)
((1117, 1605), 21)
((1471, 430), 22)
((12698, 1526), 41)
((197, 7198), 22)
((1611, 6452), 24)
((427, 996), 58)
((197, 943), 21)
((1602, 255), 25)
((13295, 197), 72)
((1678, 5436), 28)
((138, 1958), 26)
((197, 996), 24)
((1605, 7460), 24)
((1013, 924), 28)
((1621, 197), 22)
((1004, 1387), 23)
((1007, 1386), 51)
((1604, 1605), 177)
((3974, 6085), 29)
((1526, 255), 21)
((12698, 5436), 35)
((1605, 7457), 33)
((1473, 18647), 31)
((3721, 6451), 22)
((6452, 6699), 22)
((1471, 80), 31)
((1450, 14794), 23)
((1577, 1614), 27)
((1000, 1233), 24)
((12177, 5436), 32)
((1473, 7506), 23)
((1007, 524), 39)
((5465, 5467), 36)
((1605, 524), 22)
((1386, 1594), 50)
((1473, 7173), 35)
((536, 939), 22)
((1471, 18744), 26)
((1504, 7212), 22)
((1611, 7049), 90)
((1572, 4477), 22)
((1007, 1211), 56)
((1508, 536), 24)
((1203, 545), 25)
((1000, 999), 22)
((1594, 7048), 23)
((1604, 1611), 65)
((1402, 1543), 24)
((1526, 943), 33)
((7469, 7517), 23)
((1283, 14960), 24)
((1123, 858), 26)
((1473, 461), 30)
((5238, 6206), 22)
((1572, 786), 23)
((1473, 7170), 22)
((1116, 19298), 21)
((1000, 1007), 61)
((6085, 6451), 27)
((1387, 7491), 29)
((1574, 197), 23)
((1386, 941), 33)
((6083, 6084), 30)
((6230, 6914), 29)
((1611, 536), 56)
((12042, 6085), 25)
((5436, 8001), 21)
((1117, 1611), 32)
((6452, 7492), 22)
((536, 7050), 30)
((1577, 1613), 26)
((4768, 7469), 21)
((1007, 66), 25)
((1402, 1611), 34)
((6989, 7047), 25)
((427, 536), 24)
((1677, 1678), 27)
((1590, 1605), 24)
((1313, 1546), 31)
((1370, 14960), 21)
((1117, 1387), 61)
((5238, 5239), 120)
((1123, 1203), 21)
((10232, 7166), 36)
((7212, 999), 27)
((1473, 7973), 22)
((1283, 446), 23)
((1387, 1402), 55)
((19996, 21080), 32)
((1473, 1605), 138)
((1604, 7517), 40)
((1007, 1471), 46)
((446, 8001), 24)
((7212, 995), 29)
((1402, 14799), 27)
((1602, 999), 23)
((1473, 7473), 41)
((1473, 1601), 29)
((1678, 9853), 21)
((1013, 739), 23)
((126, 536), 26)
((14794, 197), 27)
((12177, 12490), 25)
((1526, 3974), 23)
((1611, 7476), 32)
((536, 8001), 31)
((1012, 1203), 23)
((7212, 8000), 26)
((1386, 446), 33)
((1450, 1602), 24)
((821, 995), 21)
((1242, 1312), 21)
((1387, 786), 35)
((3639, 407), 23)
((1473, 7518), 24)
((1448, 1473), 24)
((1604, 7000), 21)
((12698, 6699), 24)
((23476, 7517), 22)
((1004, 1211), 21)
((536, 609), 31)
((1313, 1508), 25)
((12177, 12444), 21)
((1005, 1471), 22)
((6917, 7047), 29)
((1473, 821), 43)
((1012, 1604), 21)
((3721, 5436), 38)
((197, 8126), 25)
((1387, 858), 31)
((1611, 7492), 23)
((1003, 1203), 21)
((12177, 6699), 23)
((12492, 7502), 24)
((11486, 5436), 22)
((1313, 1596), 23)
((1605, 7222), 25)
((12698, 8080), 25)
((23819, 23934), 26)
((1603, 1605), 103)
((7071, 7476), 22)
((786, 862), 32)
((7071, 8000), 21)
((1402, 1555), 27)
((1450, 1496), 21)
((1387, 7212), 23)
((1387, 1471), 52)
((1604, 8101), 28)
((1543, 7212), 21)
((1387, 7049), 21)
((1000, 1628), 29)
((1402, 1605), 63)
((8000, 8612), 34)
((1007, 1218), 23)
((1000, 1004), 27)
((6446, 6451), 41)
((12591, 5436), 31)
((12681, 5436), 43)
((1594, 7047), 21)
((1567, 964), 24)
((1572, 7049), 21)
((19521, 21080), 24)
((5239, 8000), 41)
((12962, 17327), 21)
((1473, 7008), 48)
((1526, 7476), 32)
((536, 786), 56)
((6410, 6452), 46)
((1473, 6206), 40)
((5285, 5287), 27)
((6360, 996), 25)
((2403, 7057), 25)
((1555, 197), 26)
((1212, 1226), 22)
((7968, 8001), 30)
((1473, 18650), 21)
((6410, 8080), 33)
((1604, 7061), 25)
((1604, 7050), 38)
((2513, 5238), 22)
((1958, 1959), 29)
((1313, 7469), 22)
((1368, 1602), 25)
((13295, 446), 67)
((1571, 2513), 25)
((1605, 1611), 61)
((1013, 1211), 46)
((12679, 7502), 24)
((1233, 1603), 26)
((1312, 255), 22)
((7222, 7473), 39)
((12110, 6451), 21)
((1526, 8001), 28)
((5239, 7490), 23)
((1387, 613), 39)
((1370, 1572), 21)
((12851, 1602), 21)
((1473, 7517), 51)
((1628, 536), 35)
((1007, 1555), 21)
((1594, 1611), 37)
((1621, 7212), 27)
((1386, 613), 45)
((1000, 66), 141)
((1233, 7503), 27)
((1013, 1226), 27)
((5412, 6970), 46)
((1116, 1203), 21)
((613, 938), 80)
((1218, 858), 31)
((7237, 7491), 22)
((1013, 1210), 37)
((1402, 924), 41)
((1007, 737), 31)
((1079, 1402), 22)
((1313, 1370), 31)
((7212, 939), 22)
((1370, 1402), 31)
((1370, 1387), 22)
((5463, 7008), 32)
((6084, 6088), 21)
((12698, 12710), 21)
((5436, 6452), 83)
((536, 6989), 30)
((12953, 12956), 21)
((6452, 7502), 36)
((1012, 1386), 26)
((12042, 12177), 22)
((197, 370), 26)
((1000, 1402), 42)
((4768, 7476), 21)
((13541, 1368), 24)
((1601, 255), 22)
